1304001
1304004
1304006
1304010
1304011
1306009
1306011
1306014
1306015
1307003
1307004
1611011
1409002
1409007
1409008
1409009
1409012
1409013
1409026
1409027
1409030
1409031
1409032
1410001
1410002
1412001
1412006
1412010
1412014
1412024
1510003
1510004
1610001
1610002
1610012
1610013
1610015
1610016
1610017
1409001
1611012
1611013
1611032
1702005
1702006
1702007
1702008
1702009
1702012
1702013
1702014
1702016
1702017
1702018
1702019
1702020
1702022
1702024
1702026
1702027
1702028
1702029
1702031
DG02
1703018
1804002
1804003
1804004
1804005
1804006
1804007
1804008
1804009
1804010
1804011
1804013
1804014
1804015
1804016
1804017
1805001
1805002
1805003
1815076
1815092
1815093
1815094
1815095
1815096
2411005
2411007
2811016
2811017
37685
37686
37687
37689
37690
37695
37697
37698
37699
37700
37701
37702
37703
37704
37705
37706
37707
37708
37710
37717
37721
1412002
DG05
DG06
K17053010
K17053011
K1705302
K1705303
K1705304
K1705305
K1705306
K1705307
K1705308
M30431
M30432
M30434
M30435
M30436
M30437
M30464
M32949
M33226
M33228
M33229
M33231
M33232
M33233
M35290
M35291
M35292
M35293
M35294
M35296
M35298
M53754
M54659
M54660
