pop	sample	het_frac	n_sites	hom_ref	hom_alt	het
BFF	1306015_BFF	0.00551402	1620595	1604547	7112	8936
BFF	1412001_BFF	0.00556386	1713018	1696002	7485	9531
BFF	1412002_BFF	0.0066184	1557325	1526144	20874	10307
BFF	1412006_BFF	0.00555071	1608444	1592457	7059	8928
BFF	1412010_BFF	0.00615408	1320100	1306082	5894	8124
BFF	1412014_BFF	0.00559151	1367966	1354424	5893	7649
BFF	1412024_BFF	0.00560898	1431098	1416735	6336	8027
BFF	1610001_BFF	0.00552196	1634926	1618595	7303	9028
BFF	1610002_BFF	0.00550587	1650785	1634421	7275	9089
BFF	1610012_BFF	0.00551947	1688569	1671666	7583	9320
BFF	1610013_BFF	0.00548123	1515718	1500669	6741	8308
BFF	1610015_BFF	0.00561614	1683541	1666553	7533	9455
BFF	1610016_BFF	0.00546604	1769104	1751686	7748	9670
BFF	1610017_BFF	0.00544717	1775601	1758071	7858	9672
BFF	1611011_BFF	0.00472963	1542405	1527172	7938	7295
BFF	1611012_BFF	0.0054608	1342661	1329361	5968	7332
BFF	1611013_BFF	0.00539822	950314	940808	4376	5130
BFF	1611032_BFF	0.00566901	1525135	1509915	6574	8646
BFF	1702005_BFF	0.00692801	1697312	1679205	6348	11759
BFF	1702006_BFF	0.00570704	1452416	1437797	6330	8289
BFF	1702007_BFF	0.00566416	1486364	1471461	6484	8419
BFF	1702008_BFF	0.0055545	1098569	1087487	4980	6102
BFF	1702009_BFF	0.00547593	1695236	1678641	7312	9283
BFF	1702012_BFF	0.00614581	1018254	1007405	4591	6258
BFF	1702013_BFF	0.00565894	1733187	1715950	7429	9808
BFF	1702014_BFF	0.00587902	1141346	1129596	5040	6710
BFF	1702016_BFF	0.00572482	1405284	1391085	6154	8045
BFF	1702017_BFF	0.00564284	1256992	1244383	5516	7093
BFF	1702018_BFF	0.00551996	1782259	1764772	7649	9838
BFF	1702019_BFF	0.00554457	1463052	1448445	6495	8112
BFF	1702020_BFF	0.00544126	1676082	1659706	7256	9120
BFF	1702022_BFF	0.00562107	1517861	1502781	6548	8532
BFF	1702024_BFF	0.00548003	1079373	1068606	4852	5915
BFF	1702026_BFF	0.00575032	1652605	1636071	7031	9503
BFF	1702027_BFF	0.00582791	1386776	1372925	5769	8082
BFF	1702028_BFF	0.00663479	1129652	1117344	4813	7495
BFF	1702029_BFF	0.00950023	1536910	1516238	6071	14601
BFF	1702031_BFF	0.00542069	1434689	1420351	6561	7777
BFF	1703018_BFF	0.00550294	1758332	1740925	7731	9676
BFF	1804002BFF	0.0059443	1201319	1189167	5011	7141
BFF	1804003BFF	0.00581987	1563094	1547379	6618	9097
BFF	1804004BFF	0.00567227	1498695	1483752	6442	8501
BFF	1804005BFF	0.00571492	1528979	1513513	6728	8738
BFF	1804006BFF	0.00572807	1576970	1561078	6859	9033
BFF	1804007BFF	0.00576552	1516602	1501286	6572	8744
BFF	1804008BFF	0.00573867	1588522	1572595	6811	9116
BFF	1804009BFF	0.00569438	1540643	1525175	6695	8773
BFF	1804010BFF	0.00562522	1625180	1609070	6968	9142
BFF	1804011BFF	0.0055766	1459849	1445246	6462	8141
BFF	1804013BFF	0.00541544	1289646	1276831	5831	6984
BFF	1804014BFF	0.00561527	1351136	1337609	5940	7587
BFF	1804015BFF	0.00561833	1429785	1415349	6403	8033
BFF	1804016BFF	0.00551304	1597485	1581733	6945	8807
BFF	1804017BFF	0.00566639	1548781	1533326	6679	8776
BFF	1805001BFF	0.00575687	1371753	1357907	5949	7897
BFF	1805002BFF	0.00577323	1563943	1548338	6576	9029
BFF	1805003BFF	0.00563481	1225951	1213740	5303	6908
BFF	1815076BFF_GHFF	0.00578936	1283906	1270806	5667	7433
BFF	1815093BFF_SFF	0.00561692	1495659	1480829	6429	8401
BFF	DG02_BFF	0.00668176	1502149	1472050	20062	10037
BFF	DG05_BFF	0.00557122	860853	852177	3880	4796
BFF	DG06_BFF	0.0054886	798929	790888	3656	4385
BFF	K17053010BFF	0.00551986	1203473	1191454	5376	6643
BFF	K17053011BFF	0.00570993	1323834	1310533	5742	7559
BFF	K1705302BFF	0.00550193	1278098	1265300	5766	7032
BFF	K1705303BFF	0.00571353	1149728	1137852	5307	6569
BFF	K1705304BFF	0.00572971	969159	959379	4227	5553
BFF	K1705305BFF	0.00561714	1373119	1359435	5971	7713
BFF	K1705306BFF	0.00550106	1422635	1408580	6229	7826
BFF	K1705307BFF	0.00639144	1256838	1243452	5353	8033
BFF	K1705308BFF	0.00587512	1456650	1441694	6398	8558
BFF	M30435BFF	0.00443323	1718612	1702272	8721	7619
BFF	M30436BFF	0.00459105	1568923	1553819	7901	7203
BFF	M30437BFF	0.00443245	1100746	1090055	5812	4879
BFF	M30464BFF	0.00451445	1788923	1771830	9017	8076
BFF	M32949BFF	0.00442963	955611	946238	5140	4233
BFF	M33228BFF	0.00461144	980605	970876	5207	4522
BFF	M35291BFF	0.00430011	1661585	1645988	8452	7145
BFF	M35292BFF	0.00471174	1389083	1375511	7027	6545
BFF	M35293BFF	0.00472271	1057443	1046852	5597	4994
BFF	M35294BFF	0.00431685	1632905	1617382	8474	7049
BFF	M35296BFF	0.00440902	1555449	1540516	8075	6858
BFF	M35298BFF	0.00440249	1509373	1494918	7810	6645
BFF	M53754BFF	0.00467506	1323191	1310353	6652	6186
BFF	M54659BFF	0.0044541	1423632	1409987	7304	6341
BFF	M54660BFF	0.00465074	1386661	1373049	7163	6449
BFF_alecto_alecto	M30431BFF	0.0032154	1729491	1708778	15152	5561
BFF_alecto_alecto	M30432BFF	0.00316162	1404027	1387228	12360	4439
BFF_alecto_alecto	M30434BFF	0.00314582	1754391	1733449	15423	5519
BFF_alecto_alecto	M33226BFF	0.00320457	1578995	1559911	14024	5060
BFF_alecto_alecto	M33229BFF	0.00307211	1744402	1723554	15489	5359
BFF_alecto_alecto	M33231BFF	0.00320275	1232378	1217679	10752	3947
BFF_alecto_alecto	M33232BFF	0.0031971	1668074	1648017	14724	5333
BFF_alecto_alecto	M33233BFF	0.00321404	1462957	1445481	12774	4702
BFF_alecto_alecto	M35290BFF	0.00323639	1669455	1649482	14570	5403
GHFF	1306001_SFF	0.00389066	1406701	1382261	18967	5473
GHFF	1402001_GHFF	0.00447656	1502716	1476578	19411	6727
GHFF	1402002_GHFF	0.00388963	1235593	1213961	16826	4806
GHFF	1402003_GHFF	0.00397665	1894057	1861613	24912	7532
GHFF	1402004_GHFF	0.00392978	1428068	1403274	19182	5612
GHFF	1404164_GHFF	0.00387145	981286	964332	13155	3799
GHFF	1404168_GHFF	0.00421016	1534620	1507887	20272	6461
GHFF	1404169_GHFF	0.00394456	1260977	1239003	17000	4974
GHFF	1404171_GHFF	0.00449445	1141852	1121749	14971	5132
GHFF	1405053_GHFF	0.0042279	1770381	1739723	23173	7485
GHFF	1405054_GHFF	0.00413498	1888763	1856181	24772	7810
GHFF	1405056_GHFF	0.0037444	1599455	1571907	21559	5989
GHFF	1510019_LRFF	0.00392842	1873528	1841530	24638	7360
GHFF	1611014_GHFF	0.00387267	1923221	1890251	25522	7448
GHFF	1611016_GHFF	0.00435848	1756806	1726347	22802	7657
GHFF	1611017_GHFF	0.00713753	1153060	1132113	12717	8230
GHFF	1611018_GHFF	0.0041244	1680970	1651708	22329	6933
GHFF	1611019_GHFF	0.00411504	1443485	1418138	19407	5940
GHFF	1611020_GHFF	0.00395182	1683023	1654098	22274	6651
GHFF	1611022_GHFF	0.00375629	1970564	1936906	26256	7402
GHFF	1611023_GHFF	0.00371349	1641583	1613434	22053	6096
GHFF	1611024_GHFF	0.00811105	1638752	1609336	16124	13292
GHFF	1611025_GHFF	0.00431272	1119248	1099607	14814	4827
GHFF	1611026_GHFF	0.00377595	1982284	1948391	26408	7485
GHFF	1611027_GHFF	0.00393553	1521270	1495173	20110	5987
GHFF	1611028_GHFF	0.00414628	1531736	1505311	20074	6351
GHFF	1611029_GHFF	0.00391369	1246906	1225419	16607	4880
GHFF	1611030_GHFF	0.00385211	1538637	1511870	20840	5927
GHFF	1611031_GHFF	0.00409727	1776305	1745617	23410	7278
GHFF	1611033_GHFF	0.00370183	1891767	1859349	25415	7003
GHFF	1611034_GHFF	0.0037899	1933558	1900457	25773	7328
GHFF	1611038_GHFF	0.00381519	1895579	1863114	25233	7232
GHFF	1611041_GHFF	0.00373333	1860536	1828708	24882	6946
GHFF	1611042_GHFF	0.0038002	1902004	1869512	25264	7228
GHFF	1815091GHFF	0.00390927	1210199	1188989	16479	4731
GHFF	A138_GHFF	0.00393625	1892412	1859906	25057	7449
GHFF	A141_GHFF	0.00375136	1588758	1561316	21482	5960
GHFF	A142_GHFF	0.00389872	1834446	1803080	24214	7152
GHFF	A54_GHFF	0.00403028	1953214	1919516	25826	7872
GHFF	A56_GHFF	0.00371144	1902496	1869967	25468	7061
GHFF	A57_GHFF	0.00401217	1796034	1765175	23653	7206
GHFF	A58_GHFF	0.00378803	1786679	1755978	23933	6768
GHFF	A59_GHFF	0.00375982	1888656	1856377	25178	7101
GHFF	A60_GHFF	0.00395011	1847036	1815396	24344	7296
GHFF	A61_GHFF	0.00371567	1900330	1867947	25322	7061
LRFF	1306008_SFF	0.00661972	1731644	1696238	23943	11463
LRFF	1409003_LRFF	0.0067901	1371114	1343081	18723	9310
LRFF	1409004_LRFF	0.00675287	1364161	1336438	18511	9212
LRFF	1409005_LRFF	0.00697527	1799214	1762345	24319	12550
LRFF	1409006_LRFF	0.00695238	1589097	1556562	21487	11048
LRFF	1510006_LRFF	0.00673679	1661473	1627408	22872	11193
LRFF	1510007_LRFF	0.00708607	1431399	1401830	19426	10143
LRFF	1510008_LRFF	0.00657305	1409999	1381396	19335	9268
LRFF	1510009_LRFF	0.00666212	1400306	1371383	19594	9329
LRFF	1510010_LRFF	0.0067458	1508197	1477271	20752	10174
LRFF	1510011_LRFF	0.00663198	1534081	1502759	21148	10174
LRFF	1510012_LRFF	0.00808357	1588408	1554947	20621	12840
LRFF	1510013_LRFF	0.00712065	1441020	1411430	19329	10261
LRFF	1610003_LRFF	0.00664089	1667396	1633533	22790	11073
LRFF	1610004_LRFF	0.00662263	1757760	1722037	24082	11641
LRFF	1610005_LRFF	0.00669677	1537608	1506092	21219	10297
LRFF	1610006_LRFF	0.00659828	1723480	1688407	23701	11372
LRFF	1610007_LRFF	0.00674617	1826369	1788938	25110	12321
LRFF	1610008_LRFF	0.00657565	1879966	1841640	25964	12362
LRFF	1610009_LRFF	0.00668643	1840894	1803243	25342	12309
LRFF	1610010_LRFF	0.00649992	1648021	1614505	22804	10712
LRFF	1610021_LRFF	0.0066699	1610968	1578015	22208	10745
LRFF	1610022_LRFF	0.00705599	1424322	1395052	19220	10050
LRFF	1610024_LRFF	0.00698816	1402801	1373767	19231	9803
LRFF	1611039_GHFF	0.00675464	1672924	1638569	23055	11300
LRFF	1612003_LRFF	0.00825868	1819177	1780995	23158	15024
LRFF	1612004_LRFF	0.00661187	1853938	1816168	25512	12258
LRFF	1612006_LRFF	0.00662887	1856727	1818845	25574	12308
LRFF	1702001_LRFF	0.00677427	1570649	1538254	21755	10640
LRFF	1702002_LRFF	0.00869006	1115758	1092161	13901	9696
LRFF	1702004_LRFF	0.0067242	1308557	1281623	18135	8799
LRFF	1702021_LRFF	0.00692971	1535129	1503758	20733	10638
LRFF	1702023_LRFF	0.00690596	1721122	1685735	23501	11886
LRFF	1702025_LRFF	0.00659394	1745997	1710582	23902	11513
LRFF	1702030_LRFF	0.00653876	1762873	1727006	24340	11527
LRFF	1702032_LRFF	0.00553035	1591763	1576019	6941	8803
LRFF	1702033_LRFF	0.00686209	1698463	1663776	23032	11655
LRFF	1812001LRFF	0.00685149	1178284	1153962	16249	8073
LRFF	1812002LRFF	0.00688243	1345455	1317883	18312	9260
LRFF	1812003LRFF	0.0068774	1191294	1166473	16628	8193
LRFF	1812004LRFF	0.0069293	1423664	1394188	19611	9865
LRFF	1812005LRFF	0.00695256	1272194	1245918	17431	8845
LRFF	1812006LRFF	0.00705888	1128507	1104989	15552	7966
LRFF	2011003_LRFF	0.00668982	1643840	1610326	22517	10997
LRFF	DG01_BFF	0.00659199	1875912	1837518	26028	12366
LRFF	DG03_LRFF	0.00701841	1703520	1668619	22945	11956
LRFF	DG04_BFF	0.00542519	1472023	1457771	6266	7986
SFF	1304001_SFF	0.00450349	1557236	1542260	7963	7013
SFF	1304004_SFF	0.00448258	1659759	1643752	8567	7440
SFF	1304006_SFF	0.00452489	1749876	1733003	8955	7918
SFF	1304010_SFF	0.00483133	848627	839984	4543	4100
SFF	1304011_SFF	0.00462604	1677462	1660969	8733	7760
SFF	1306009_SFF	0.00447451	1766003	1749062	9039	7902
SFF	1306011_SFF	0.00485624	1851845	1833467	9385	8993
SFF	1306014_SFF	0.00568358	1432020	1417294	6587	8139
SFF	1307003_SFF	0.00470274	1852112	1834074	9328	8710
SFF	1307004_SFF	0.00451287	1705568	1688923	8948	7697
SFF	1409001_SFF	0.00539751	1831584	1813657	8041	9886
SFF	1409002_SFF	0.00453179	1543100	1528009	8098	6993
SFF	1409007_SFF	0.00460984	1664484	1648206	8605	7673
SFF	1409008_SFF	0.00450111	1746237	1729417	8960	7860
SFF	1409009_SFF	0.00457329	1647172	1631146	8493	7533
SFF	1409012_SFF	0.00460934	1532107	1517096	7949	7062
SFF	1409013_SFF	0.00473283	1621228	1605226	8329	7673
SFF	1409026_SFF	0.00461858	1145806	1134647	5867	5292
SFF	1409027_SFF	0.00450695	1435560	1421653	7437	6470
SFF	1409030_SFF	0.00477888	1627161	1611079	8306	7776
SFF	1409031_SFF	0.0047495	1526476	1511600	7626	7250
SFF	1409032_SFF	0.0045217	1717494	1700881	8847	7766
SFF	1410001_SFF	0.00452472	1444950	1430777	7635	6538
SFF	1410002_SFF	0.00472874	1545019	1529738	7975	7306
SFF	1510003_SFF	0.0045278	1226866	1214945	6366	5555
SFF	1510004_SFF	0.004861	1842215	1823899	9361	8955
SFF	1815092SFF	0.00456343	1535905	1520887	8009	7009
SFF	1815094SFF	0.00485997	897125	887867	4898	4360
SFF	1815095SFF	0.00471256	1696317	1679598	8725	7994
SFF	1815096SFF	0.00465236	1388758	1375009	7288	6461
SFF	2411005_SFF	0.00487462	1558482	1542609	8276	7597
SFF	2411007_SFF	0.00448554	1239092	1227003	6531	5558
SFF	2811016_SFF	0.00615627	963895	953505	4456	5934
SFF	2811017_SFF	0.0045837	1421123	1407117	7492	6514
SFF	37685_SFF	0.00431194	1859952	1842159	9773	8020
SFF	37686_SFF	0.00441142	1778111	1760809	9458	7844
SFF	37687_SFF	0.00428571	1846604	1828974	9716	7914
SFF	37689_SFF	0.00442579	1892995	1874747	9870	8378
SFF	37690_SFF	0.00440761	1605860	1590321	8461	7078
SFF	37695_SFF	0.00419614	1303578	1290887	7221	5470
SFF	37697_SFF	0.00439623	1721704	1705143	8992	7569
SFF	37698_SFF	0.00435109	1665101	1649081	8775	7245
SFF	37699_SFF	0.00459312	1658568	1642207	8743	7618
SFF	37700_SFF	0.00438547	1860692	1842857	9675	8160
SFF	37701_SFF	0.00434484	1837582	1820003	9595	7984
SFF	37702_SFF	0.00446536	1725951	1709082	9162	7707
SFF	37703_SFF	0.0044259	1737274	1720522	9063	7689
SFF	37704_SFF	0.00444906	1812294	1794863	9368	8063
SFF	37705_SFF	0.00425409	1666163	1650247	8828	7088
SFF	37706_SFF	0.00428787	1827247	1809756	9656	7835
SFF	37707_SFF	0.00452952	1233684	1221530	6566	5588
SFF	37708_SFF	0.00435456	1045570	1035201	5816	4553
SFF	37710_SFF	0.00434427	1614542	1599051	8477	7014
SFF	37717_SFF	0.00429127	1701827	1685533	8991	7303
SFF	37721_SFF	0.00871969	1622879	1601193	7535	14151
